4 4 4 4 4 4 4 4 4 4 4 4 4 4 4 4 4 4 4 4 4 4 4 4 4 4 4 4 4 4 4 4 4 4 4 4 4 4 4 4 4 4 4 4 4 4 4 4 4 20
4 4 4 4 4 4 4 4 4 4 4 4 4 4 4 4 4 4 4 4 4 4 4 4 4 4 4 4 4 4 4 4 4 4 4 4 4 4 4 4 4 4 4 4 4 4 4 4 4 20
4 4 4 4 4 4 4 4 4 4 4 4 4 4 4 4 4 4 4 4 0 20 20 20 20 20 0 4 4 4 4 4 4 4 4 4 4 4 4 4 1 1 1 1 1 1 1 1 1 20
4 4 4 4 4 4 4 4 4 4 4 4 4 4 4 4 4 4 4 4 20 20 20 20 20 20 20 4 4 4 4 4 4 4 4 4 4 4 4 4 1 3 3 3 3 3 3 3 1 20
4 4 4 4 4 4 4 4 4 4 4 4 4 4 4 4 4 4 4 4 20 20 20 20 20 20 20 4 4 4 4 4 4 4 4 4 4 4 4 4 1 3 3 3 3 3 3 3 1 20
4 4 4 4 4 4 4 4 4 4 4 4 4 4 4 4 4 4 4 4 20 20 20 20 20 20 20 4 4 4 4 4 4 4 4 4 4 4 4 4 1 3 3 3 3 3 3 3 1 20
4 4 4 4 4 4 4 4 1 1 1 1 1 4 4 4 4 4 4 4 4 20 20 20 20 20 4 4 4 4 4 4 4 4 4 4 4 4 4 4 1 3 3 3 3 3 3 3 1 20
4 4 4 4 4 4 4 4 1 3 3 3 1 4 4 4 4 4 4 4 0 0 0 5 0 0 0 4 4 4 4 4 4 0 5 5 5 5 5 5 5 5 5 5 5 5 5 5 5 5
4 4 4 4 4 4 4 4 1 3 3 3 1 4 4 4 4 4 4 4 4 0 0 0 0 0 4 4 4 4 4 4 4 4 5 5 5 5 5 5 5 5 4 4 4 4 4 4 4 20
4 4 4 4 4 4 4 4 1 3 3 3 1 4 4 4 4 4 4 4 4 4 0 0 0 4 4 4 4 4 4 4 4 4 5 5 5 5 5 5 5 5 4 4 4 4 4 4 4 20
4 4 4 4 4 4 4 4 1 3 3 3 1 4 4 4 4 4 4 4 4 4 4 5 4 4 4 4 4 4 4 4 4 4 5 5 5 5 5 5 5 5 4 4 4 4 4 4 4 20
4 4 4 4 4 4 4 4 1 1 0 1 1 4 4 4 4 4 4 4 4 4 4 5 4 4 4 4 4 4 4 4 4 4 5 5 5 5 5 5 5 5 4 4 4 4 4 4 4 20
4 4 4 4 4 4 4 4 4 4 0 4 4 4 4 4 4 4 4 4 4 4 4 5 4 4 4 4 4 4 4 4 4 4 4 5 5 5 5 5 5 4 4 4 4 4 4 4 4 20
4 4 4 4 4 4 4 4 4 4 0 4 4 4 4 4 4 4 4 4 4 4 4 5 4 4 4 4 4 4 4 4 4 4 4 4 4 4 5 4 4 4 4 4 4 4 4 4 4 20
4 4 4 4 4 4 4 4 4 4 0 4 4 4 4 4 4 4 4 4 4 4 4 5 4 4 4 4 4 4 4 4 4 4 4 4 4 4 5 4 4 4 4 4 4 4 4 4 4 4
4 4 4 4 4 4 4 4 4 4 0 4 4 4 4 4 4 4 4 4 4 4 4 5 4 4 4 4 4 4 4 4 4 4 4 4 4 4 5 4 4 4 4 4 4 4 4 4 4 4
4 4 4 4 4 4 4 4 0 0 0 4 4 4 4 4 4 4 4 4 4 4 4 5 4 4 4 4 4 4 4 4 4 4 4 4 4 4 5 4 4 4 4 4 4 4 4 4 4 4
4 4 4 4 4 4 4 4 0 4 4 4 4 4 4 4 4 4 4 4 4 4 4 5 4 4 4 4 4 4 4 4 4 4 4 4 4 4 5 4 4 4 4 4 4 4 4 4 4 4
4 4 4 4 4 4 4 4 0 4 4 4 4 4 4 4 4 4 4 4 4 4 0 5 0 4 4 4 4 4 4 4 4 4 4 4 5 5 5 4 4 4 4 4 4 4 4 4 4 4
4 4 4 4 4 4 4 4 0 4 4 4 4 4 4 4 4 4 4 4 4 0 0 5 0 0 4 4 4 4 4 4 4 4 4 4 5 4 4 4 4 4 4 4 4 4 4 4 4 4
4 4 4 4 4 4 4 4 0 4 4 4 4 4 4 4 4 4 4 4 0 0 0 5 0 0 0 4 4 4 4 4 4 4 4 5 5 4 4 4 4 4 4 4 4 4 4 4 4 4
4 4 4 4 4 4 4 4 0 4 4 4 5 5 5 5 5 5 5 5 5 5 5 5 5 5 5 5 5 5 5 5 5 5 5 5 5 4 4 4 4 4 4 4 4 4 4 4 4 4
4 4 4 4 4 4 4 4 0 4 4 4 0 4 4 4 4 4 4 4 0 0 0 5 0 0 0 4 4 4 4 4 4 4 4 4 5 4 4 4 4 4 4 4 4 4 4 4 4 4
4 4 4 4 4 4 4 4 0 4 4 4 0 4 4 4 4 4 4 4 4 0 0 5 0 0 4 4 4 4 4 4 4 4 4 4 5 4 4 4 4 4 4 4 4 4 4 4 4 4
4 4 4 4 4 4 4 4 0 4 4 4 0 4 4 4 4 4 4 4 4 4 0 5 0 4 4 4 4 4 4 4 4 4 4 4 5 4 4 4 4 4 4 4 4 4 4 4 4 4
4 4 4 4 4 4 4 4 0 4 4 4 0 0 0 4 4 4 4 4 4 4 4 5 4 4 4 4 4 4 4 4 4 4 4 4 5 4 4 4 4 4 4 4 4 4 4 4 4 4
4 4 4 4 4 4 4 4 0 4 4 4 4 4 0 4 4 4 4 4 4 4 4 5 4 4 4 4 4 4 4 4 4 4 4 4 5 4 4 4 4 4 4 4 4 4 4 4 4 4
4 4 4 4 4 4 4 4 0 4 4 4 4 4 0 4 4 4 4 4 4 4 4 5 4 4 4 0 4 4 4 4 4 4 4 0 5 4 4 4 4 4 4 4 4 4 4 4 4 4
4 4 4 4 4 4 4 4 0 4 4 4 4 4 0 4 4 4 4 4 4 4 4 5 4 4 4 4 4 4 0 4 4 4 4 4 5 4 4 4 4 4 4 4 4 4 4 4 4 4
4 4 4 4 4 4 4 4 0 0 0 0 0 0 0 4 4 4 4 4 4 4 4 5 4 4 4 4 4 4 0 4 4 4 4 4 5 4 4 4 4 4 4 4 4 4 4 4 4 4
4 4 4 4 4 4 4 4 0 0 0 0 0 0 0 4 4 4 4 4 4 4 4 5 4 4 4 4 4 4 4 4 4 4 4 4 0 4 4 4 4 4 4 4 4 4 4 4 4 4
4 4 4 4 4 4 4 4 0 0 0 0 0 0 0 4 4 4 4 4 4 4 4 5 4 4 4 4 4 4 4 4 4 4 4 0 0 0 4 4 4 4 4 4 4 4 4 4 4 4
4 4 4 4 4 4 4 4 0 0 0 0 0 0 0 4 4 4 4 4 4 4 4 5 4 4 4 4 4 4 4 4 4 4 4 0 0 0 4 4 4 4 4 4 4 4 4 4 4 4
4 4 4 4 4 4 4 4 0 0 0 0 0 0 0 4 4 4 4 4 4 4 4 5 4 4 4 4 4 4 4 4 4 4 4 0 0 0 4 4 4 4 4 4 4 4 4 4 4 4
4 4 4 4 4 4 4 4 0 0 0 0 0 0 0 4 4 4 4 4 4 4 4 5 4 4 4 4 4 4 4 4 4 4 4 0 0 0 4 4 4 4 4 4 4 4 4 4 4 4
4 4 4 4 4 4 4 4 4 4 4 4 4 4 4 4 4 4 4 4 4 4 4 5 4 4 4 4 4 4 4 4 4 4 4 0 0 0 4 4 4 4 4 4 4 4 4 4 4 4
4 4 4 4 4 4 4 4 4 4 4 4 4 4 4 4 4 4 4 0 0 0 0 0 0 0 0 4 4 4 4 4 4 4 0 0 0 0 0 4 4 4 4 4 4 4 4 4 4 4
4 4 4 4 4 4 4 4 4 4 4 4 4 4 4 4 4 4 0 0 0 0 0 0 0 0 0 0 4 4 0 4 4 0 0 0 0 0 0 4 4 4 4 4 4 4 4 4 4 4
4 4 4 4 4 4 4 4 4 4 4 4 4 4 4 4 4 4 0 0 0 0 0 0 0 0 0 0 4 4 4 4 0 0 0 0 0 0 0 4 4 4 4 4 4 4 4 4 4 4
4 4 4 4 4 4 4 4 4 4 4 4 4 0 4 4 4 4 0 0 0 0 0 0 0 0 0 0 0 4 4 4 0 0 0 0 0 4 0 4 4 4 4 4 4 4 4 4 4 4
4 4 4 4 4 4 4 4 4 4 4 4 4 4 4 4 4 4 0 0 0 0 0 0 0 0 0 0 0 0 0 0 0 0 4 0 0 0 0 4 4 4 4 4 4 4 4 4 4 4
4 4 4 4 4 4 4 4 4 4 4 4 4 0 4 4 4 4 4 0 0 0 0 0 0 0 0 4 4 4 4 0 0 0 0 0 0 0 0 4 4 4 4 4 4 4 4 4 4 4
4 4 4 4 4 4 4 4 4 4 4 4 4 4 4 4 4 4 4 4 0 0 0 0 0 0 4 4 4 4 4 0 0 4 0 0 4 0 0 4 4 4 4 4 4 4 4 4 4 4
4 4 4 4 4 4 4 4 4 4 4 4 4 4 4 4 4 4 4 4 4 4 4 4 4 4 4 4 4 4 4 4 0 0 0 0 0 0 4 4 4 4 4 4 4 4 4 4 4 4
4 4 4 4 4 4 4 4 4 4 4 4 4 4 4 4 4 4 4 4 4 4 4 4 4 4 4 4 4 4 4 4 4 4 4 4 4 4 4 4 4 4 4 4 4 4 4 4 4 4
4 4 4 4 4 4 4 4 4 4 4 4 4 4 4 4 4 4 4 4 4 4 4 4 4 4 4 4 4 4 4 4 4 4 4 4 4 4 4 4 4 4 4 4 4 4 4 4 4 4
4 4 4 4 4 4 4 4 4 4 4 4 4 4 4 4 4 4 4 4 4 4 4 4 4 4 4 4 4 4 4 4 4 4 4 4 4 4 4 4 4 4 4 4 4 4 4 4 4 4
4 4 4 4 4 4 4 4 4 4 4 4 4 4 4 4 4 4 4 4 4 4 4 4 4 4 4 4 4 4 4 4 4 4 4 4 4 4 4 4 4 4 4 4 4 4 4 4 4 4
4 4 4 4 4 4 4 4 4 4 4 4 4 4 4 4 4 4 4 4 4 4 4 4 4 4 4 4 4 4 4 4 4 4 4 4 4 4 4 4 4 4 4 4 4 4 4 4 4 4
4 4 4 4 4 4 4 4 4 4 4 4 4 4 4 4 4 4 4 4 4 4 4 4 4 4 4 4 4 4 4 4 4 4 4 4 4 4 4 4 4 4 4 4 4 4 4 4 4 4